1421885432946
1421435457509
1421077646435
1421385737271
1421709804673
1421643911317
1421166571202
1421221227530
1421130034071
1421564321949
1421411154884
1421062697994
1421069879028
1421625213487
1421704026465
1421985993554
1421768474931
1421008222311
1421102283686
1421316403610
1421777806868
1421962702561
1421014145856
1421386192084
1421680462815
1421692211680
1421705154890
1421355756758
1421879148779
1421351518129
1421929073748
1421776682783
1421368867095
1421758640317
1421685183318
1421855390605
1421292142865
1421821818653
1421929819944
1421349120489
1421586527489
1421247812466
1421909089222
1421564891545
1421351142027
1421146685532
1421972129828
1421274369609
1421887249781
1421112053284
1421664709915
1421460072573
1421599497318
1421039503651
1421575487197
1421327822683
1421182949404
1421551813381
1421241573943
1421635766256
1421168691808
1421483741740
1421581893839
1421978825632
1421518296521
1421851120356
1421634150529
1421253956110
1421926417401
1421806726690
1421546810906
1421453544212
1421824401472
1421450412762
1421366981106
1421072374197
1421953608406
1421358226059
1421400617706
1421054731628
1421157039967
1421991364659
1421103702273
1421816357553
1421406100998
1421130888726
1421679364252
1421987407807
1421339070755
1421825417219
1421412422294
1421119308148
1421309510509
1421839413223
1421985807103
1421478319243
1421216941963
1421619389817
1421424689159
1421134986548
1421713101553
1421556982749
1421772321854
1421733261382
1421341906118
1421597841162
1421706677884
1421555608311
1421889444458
1421857607260
1421747638703
1421260475967
1421319429565
1421389020171
1421488302081
1421768227132
1421568789461
1421120743664
1421019130041
1421705572361
1421987586986
1421005618172
1421960719097
1421085815805
1421915047984
1421364379775
1421940129935
1421316579847
1421191659814
1421365191052
1421982410590
1421107528777
1421418066116
1421764718951
1421027779535
1421491114796
1421290922272
1421696092208
1421558465904
1421763113685
1421347384169
1421750586444
1421288480533
1421272484906
1421187079615
1421375934473
1421544704536
1421402644450
1421762782374
1421188217449
1421385827251
1421969761548
1421585587087
1421172834567
1421353479444
1421449575518
1421153038717
1421486803125
1421175745456
1421506736140
1421055580216
1421477146341
1421651289212
1421965793142
1421010692056
1421420683655
1421024246027
1421124182498
1421789393464
1421830102582
1421469055195
1421922405753
1421415646245
1421699360165
1421596989781
1421344278552
1421359530267
1421360958731
1421802190769
1421147309758
1421188969128
1421489595230
1421250618054
1421535989664
1421735198561
1421232244249
1421988918566
1421754199808
1421652172552
1421335139457
1421824624845
1421343908280
1421451983275
1421983088776
1421632566864
1421647882611
1421175000260
1421412192460
1421615586885
1421487302573
1421113729844
1421562719844
1421168143424
1421846907323
1421965923944
1421482389879
1421956903270
1421349746105
1421785044115
1421814861477
1421638083885
1421068830067
1421059008339
1421484973542
1421769307538
1421309483555
1421032729873
1421842835441
1421125392667
1421435148352
1421285924396
1421612773935
1421035986590
1421216909493
1421517419874
1421816375125
1421850263958
1421717251282
1421049999734
1421958371963
1421174386225
1421049998856
1421827394663
1421816520149
1421338795540
1421863315708
1421748598626
1421555020168
1421852739994
1421563719613
1421618295718
1421335425672
1421007402418
1421505295020
1421390936932
1421817739874
1421733884801
1421442911134
1421973428086
1421378655149
1421035636157
1421077747317
1421846050397
1421374053692
1421702996184
1421753620529
1421401388400
1421696423863
1421727274980
1421699770644
1421462805547
1421448900443
1421168124082
1421019544674
1421711164721
1421182491684
1421136189418
1421583341019
1421979376271
1421256532357
1421207556894
1421901852963
1421196899418
1421508751116
1421273633664
1421776183156
1421806916053
1421912821615
1421970211990
1421618990555
1421544946706
1421647892094
1421556051532
1421463747071
1421201593631
1421114465588
1421452287163
1421841937803
1421578675376
1421792925590
1421656842897
1421992644835
1421310331816
1421947105589
1421915277128
1421599368065
1421792601184
1421574650872
1421075804588
1421308807447
1421706537523
1421019741562
1421278809682
1421229288002
1421852612476
1421233949077
1421242957535
1421230066995
1421640066800
1421830007835
1421829421329
1421461526515
1421429924266
1421622319898
1421366018134
1421320491046
1421617517223
1421757071022
1421007259700
1421039684215
1421600977034
1421117299199
1421135833708
1421049592830
1421666274210
1421332334738
1421616883037
1421396426690
1421309665988
1421322999497
1421949982875
1421390616836
1421539132927
1421674188864
1421639205381
1421412624252
1421308590979
1421239369135
1421575493002
1421590425442
1421943931850
1421285528249
1421075363745
1421457451438
1421498340166
1421451506556
1421915457964
1421983758824
1421288587674
1421261797407
1421781404250
1421734189920
1421580476292
1421143158385
1421825898603
1421746640472
1421145654086
1421322471739
1421426364192
1421094797936
1421486091698
1421795495693
1421929422470
1421190365980
1421808697838
1421693829426
1421573910411
1421814093207
1421659444373
1421786659690
1421437481292
1421997255776
1421959518408
1421565112643
1421043543319
1421138485136
1421242457025
1421259774750
1421113787486
1421383190173
1421358936038
1421406480380
1421011619473
1421620104291
1421082203687
1421006239046
1421914510235
1421426311465
1421643123168
1421844365515
1421240002949
1421035578389
1421395408510
1421356870354
1421247119724
1421239693169
1421794695000
1421464657578
1421360969822
1421445467975
1421815045159
1421662251004
1421076878055
1421521491919
1421299885309
1421969600193
1421430830001
1421061974549
1421427024740
1421441689292
1421303141063
1421412190464
1421168283365
1421096178139
1421165458810
1421841568507
1421027085644
1421255641430
1421615382710
1421869938408
1421835567063
1421847622797
1421179454766
1421746363269
1421790143323
1421343695744
1421350777399
1421069651412
1421989992023
1421043241236
1421789995290
1421404014192
1421115964649
1421629677929
1421851934815
1421813933608
1421309401866
1421627602324
1421154684065
1421737951660
1421643439199
1421818297171
1421171210371
1421823100643
1421198255881
1421708602370
1421676885386
1421732579196
1421769339632
1421809681951
1421041689763
1421665438346
1421853032780
1421508275849
1421661653828
1421571378851
1421801994331
1421203298889
1421733285920
1421644961494
1421580686219
1421084740597
1421571590599
1421957408924
1421993422942
1421575008021
1421791238939
1421691902358
1421434523038
1421611284151
1421080393065
1421394348924
1421511406849
1421126832801
1421194971931
1421609413940
1421583201601
1421336980272
1421798211650
1421219569470
1421861404742
1421924291629
1421313791371
1421094303842
1421957570638
1421251262996
1421476737162
1421524728423
1421876709046
1421057196271
1421218057448
1421951429854
1421589872238
1421470836098
1421733835936
1421436313837
1421682935904
1421777718469
1421496184444
1421247852664
1421461546970
1421977449691
1421586484425
1421616606989
1421849286592
1421029223668
1421969827945
1421966480866
1421136978259
1421065743514
1421030402918
1421143470034
1421832005920
1421655375891
1421407149815
1421591955457
1421927519672
1421628408787
1421422020076
1421183831239
1421367108328
1421224769643
1421249245665
1421830553622
1421168899895
1421492181921
1421393912281
1421378685382
1421098546788
1421843317039
1421136815294
1421028586427
1421193150813
1421743880168
1421130797909
1421373832717
1421867289085
1421904577947
1421304727254
1421564000412
1421284836519
1421233858949
1421276068933
1421185292903
1421317573781
1421432252310
1421459576988
1421037765234
1421230063006
1421967863473
1421971168113
1421170514524
1421304359342
1421535146983
1421836270065
1421222941847
1421979894622
1421212690056
1421440240770
1421663131505
1421661515950
1421230784684
1421230368923
1421531347038
1421256952021
1421971516135
1421348200862
1421942646918
1421349775524
1421805316913
1421525094923
1421590515962
1421809128112
1421759870879
1421377402499
1421648161960
1421549490476
1421404339488
1421371955678
1421434442039
1421628635331
1421766323702
1421520791348
1421771624930
1421550754379
1421371336303
1421081142659
1421869661833
1421316678094
1421851204280
1421324637349
1421947501969
1421428827194
1421665484474
1421943028068
1421632558309
1421723890081
1421428947428
1421706717313
1421294555163
1421378485289
1421646337452
1421347705906
1421735008517
1421478060963
1421441549754
1421628530921
1421968040546
1421934149147
1421905341474
1421535996961
1421297871412
1421383244217
1421637697909
1421843047048
1421917808744
1421630713692
1421804765310
1421098393157
1421477683137
1421605036691
1421799843898
1421869376116
1421312073477
1421641572758
1421993880299
1421532958313
1421825772172
1421728731809
1421780809200
1421635613424
1421249043225
1421636468041
1421685230474
1421542845238
1421476341729
1421291494325
1421293620485
1421905344558
1421563839157
1421396307563
1421071758013
1421906128534
1421116040350
1421797290222
1421067582912
1421253780313
1421611970935
1421580381271
1421115449520
1421438251568
1421763370957
1421831146820
1421365170911
1421229276527
1421571375910
1421162672035
1421308297098
1421522516816
1421974393230
1421261744784
1421583724256
1421174188085
1421551056355
1421232779256
1421597163306
1421724007410
1421030280394
1421110773022
1421291525466
1421200086741
1421852446294
1421679172698
1421833436661
1421861089374
1421902926379
1421783031738
1421670849496
1421061687169
1421302415760
1421904240796
1421433362953
1421656053675
1421847479816
1421824043861
1421123928781
1421285234385
1421085596383
1421804200009
1421015840787
1421779371879
1421690470027
1421555994334
1421603605400
1421926835010
1421003847998
1421139124003
1421717478229
1421691584008
1421413093003
1421730452753
1421616303995
1421141537704
1421007367351
1421701401718
1421877522864
1421263828839
1421784199450
1421073424499
1421377223775
1421024469390
1421612926408
1421358277379
1421205443116
1421060482883
1421535657982
1421049496557
1421753933192
1421078080421
1421384642291
1421284989232
1421398483485
1421410185892
1421016231151
1421602031578
1421583503296
1421980226277
1421021317181
1421197964956
1421325408027
1421019597811
1421243595047
1421026421131
1421195409656
1421143162890
1421797659241
1421596461163
1421318365330
1421925632852
1421277525776
1421048414415
1421907450192
1421689454893
1421026021003
1421421803740
1421951723803
1421012869368
1421926777588
1421576468600
1421288391969
1421216443519
1421572271410
1421742003301
1421927542988
1421445628094
1421902616030
1421623915210
1421026391240
1421290945877
1421493370204
1421539435161
1421673193280
1421389127572
1421288215708
1421612295125
1421012783795
1421448245016
1421392865156
1421634813956
1421651120240
1421269126328
1421499416290
1421854222309
1421924463302
1421595924265
1421889446305
1421705619738
1421558099015
1421302750166
1421246993128
1421836245125
1421694703380
1421288796387
1421606252946
1421468210335
1421571578534
1421135696735
1421240075066
1421253633368
1421029568041
1421968362534
1421466171233
1421567851077
1421718143426
1421124756475
1421683013218
1421207717760
1421213000454
1421432825443
1421370419817
1421503022759
1421357720639
1421009153851
1421803322400
1421284659781
1421734918524
1421673403244
1421317992435
1421601892836
1421438423901
1421606004210
1421507246287
1421388018528
1421815611804
1421188611310
1421588640935
1421991234501
1421120794355
1421456744164
1421108255539
1421306325535
1421917567570
1421369888937
1421400285815
1421103236945
1421442073346
1421901114372
1421271083649
1421780808161
1421163336278
1421954101138
1421797256256
1421645028339
1421668051346
1421251519104
1421643497988
1421758507426
1421443269449
1421029279996
1421475153030
1421336331561
1421139155763
1421488318435
1421045801426
1421529776522
1421240540194
1421308697325
1421714492334
1421998765981
1421738232690
1421226000554
1421548545125
1421452456153
1421006995221
1421820814534
1421127570346
1421634236039
1421269667337
1421770084664
1421942236322
1421449397655
1421682639075
1421090472121
1421459313121
1421991484314
1421346014277
1421932179554
1421899917226
1421972985504
1421263479518
1421272437571
1421336372285
1421681550165
1421439902323
1421497860107
1421936004501
1421042823355
1421574722801
1421409065539
1421471520418
1421141263596
1421208637925
1421338575998
1421445504660
1421522892048
1421240515583
1421099797412
1421935408149
1421943413201
1421801064416
1421685011383
1421425387473
1421181075787
1421160861638
1421842436691
1421966166452
1421076679459
1421682759380
1421600322019
1421472182957
1421119039873
1421939212416
1421558009322
1421607709389
1421249346782
1421839287580
1421491235957
1421877109366
1421253528408
1421891663716
1421368026968
1421323707908
1421685220966
1421831581932
1421056157612
1421355904204
1421686517713
1421893617177
1421895242148
1421155874254
1421275219032
1421590394696
1421981677181
1421394502590
1421146057422
1421126926959
1421209299616
1421765919226
1421248380035
1421290993157
1421773632371
1421619296329
1421604031196
1421128958618
1421349784836
1421998678616
1421159663534
1421005225302
1421181593473
1421358195506
1421872386021
1421475315614
1421566710929
1421807056902
1421610581106
1421933447112
1421612028497
1421328666484
1421021558400
1421634782202
1421579320617
1421081763794
1421207278873
1421871591250
1421657075867
1421058223628
1421166699877
1421673456996
1421472428493
1421518824889
1421586578787
1421241806054
1421606191528
1421802897052
1421803735920
1421797939140
1421208650874
1421465954454
1421811346213
1421096812655
1421772991078
1421005100835
1421708247304
1421619171728
1421417807924
1421538065934
1421743597807
1421109488817
1421099242051
1421367543702
1421078929958
1421517971567
1421806656188
1421901355195
1421798171460
1421350026396
1421678560440
1421350607845
1421120357928
1421688772713
1421876820060
1421977485048
1421814893991
1421602308723
1421955290133
1421343569496
1421920455384
1421902163011
1421335126498
1421506346287
1421887586478
1421790576647
1421171623000
1421811953376
1421601473048
1421784252819
1421008528029
1421683177013
1421901505517
1421686577781
1421221535944
1421672192864
1421440063122
1421344724494
1421657512579
1421498800272
1421599411989
1421692646061
1421377481194
1421257540290
1421945783706
1421877756753
1421979513189
1421713890638
1421664580026
1421072933522
1421280900785
1421183023883
1421070513008
1421548980871
1421375885556
1421042161419
1421329874266
1421668209939
1421309071523
1421900831624
1421440592439
1421270235723
1421820069308
1421486039304
1421805677974
1421112678580
1421052512677
1421591052606
1421917771616
1421419652025
1421558135808
1421449951054
1421751128122
1421950265887
1421555840508
1421588956725
1421215194570
1421243257237
1421993324805
1421149449813
1421864545648
1421549325581
1421764887743
1421607064210
1421858908155
1421053992415
1421840258070
1421565774910
1421361077014
1421587993673
1421209097197
1421354084853
1421498273439
1421371286091
1421469972386
1421178057379
1421514829921
1421837584862
1421008106804
1421786873534
1421453430166
1421812060881
1421883119975
1421062804971
1421906252597
1421032326967
1421881454603
1421192220141
1421802587001
1421549682527
1421929694184
1421642047370
1421772853802
1421024112452
1421912825254
1421929465879
1421924230002
1421029282376
1421851065465
1421033808015
1421617791744
1421814291988
1421889595971
1421066438306
1421938128453
1421187936447
1421704193112
1421324282130
1421695173748
1421645388553
1421877991499
1421767825616
1421989777748
1421242354838
1421670886832
1421109214434
1421070719593
1421220407686
1421320366465
1421176674657
1421443450209
1421464619756
1421460957074
1421355824822
1421846495227
1421126812229
1421684004957
1421434599900
1421231938156
1421954646350
1421007359794
1421928161589
1421253897498
1421154924195
1421456899218
1421730184259
1421957873572
1421455785607
1421414693257
1421525003117
1421912185265
1421262964296
1421540731135
1421065724119
1421582043228
1421274971315
1421209770219
1421250477405
1421367010803
1421046389984
1421522122663
1421651627039
1421070364286
1421547700213
1421436115459
1421144994032
1421688660249
1421599497033
1421794165663
1421460872760
1421522252340
1421810311029
1421806714857
1421486339255
1421308173679
1421784037376
1421143780181
1421913523120
1421222091985
1421326902589
1421093973190
1421578687624
1421886232166
1421039400674
1421518361553
1421583570402
1421354415250
1421500383196
1421755750569
1421344167789
1421795729382
1421022165619
1421793792759
1421355215672
1421837932509
1421766740013
1421856733290
1421166352606
1421271061620
1421008641417
1421257767537
1421360131526
1421266404096
1421084997192
1421467833691
1421050998742
1421854882606
1421947036427
1421319944587
1421593130453
1421597268429
1421837270315
1421992818188
1421971081407
1421054800050
1421953295472
1421960581617
1421086211238
1421377822408
1421271279545
1421481554836
1421806588305
1421226336885
1421134202976
1421423669250
1421970111766
1421110730764
1421798280873
1421978479429
1421246634137
1421012843770
1421379769693
1421397000000
1421229272673
1421366107177
1421967187342
1421157874643
1421179498405
1421182655835
1421218747943
1421207543672
1421475207880
1421390689897
1421504155766
1421341582479
1421017912037
1421095829760
1421151159911
1421331307160
1421621865075
1421165666594
1421085569979
1421697709615
1421890737016
1421021976594
1421255643234
1421675841617
1421554348661
1421166120456
1421368091957
1421277767832
1421475109290
1421791414921
1421390228787
1421848456232
1421128382978
1421530501057
1421373591819
1421367466807
1421973155176
1421210003413
1421366621181
1421286400987
1421003805525
1421622915681
1421333366735
1421396594180
1421350819669
1421252557698
1421329374066
1421075264772
1421415017870
1421861263904
1421712722594
1421020710948
1421798838425
1421821631983
1421654497725
1421320266579
1421348619306
1421177773288
1421953375582
1421494432429
1421246220130
1421382086254
1421866584461
1421533737184
1421791550771
1421152837028
1421367024341
1421269927903
1421912709790
1421822199965
1421629264094
1421376546193
1421792258987
1421909102834
1421689608038
1421502605473
1421126721232
1421752968700
1421791849442
1421879596111
1421478327993
1421901929726
1421335682137
1421750763239
1421905006195
1421770242203
1421536049989
1421986189913
1421997854048
1421519037018
1421830611005
1421899961011
1421078313584
1421764538877
1421247230233
1421356865387
1421656492658
1421671650171
1421263814738
1421106528699
1421326185046
1421729470698
1421924256804
1421569491164
1421536337395
1421432592617
1421002267685
1421577808517
1421405153992
1421116321503
1421889689444
1421102014815
1421255698587
1421168362089
1421110905721
1421054926706
1421064724066
1421014140470
1421037049605
1421799394505
1421453287480
1421038917468
1421773820820
1421301833093
1421405635929
1421934232339
1421198188001
1421890823181
1421850539052
1421690969371
1421929153323
1421945881064
1421717041460
1421498006632
1421259445904
1421773315429
1421808454134
1421046887317
1421725055798
1421735614528
1421626230882
1421881388385
1421022965090
1421093249814
1421991954907
1421773212865
1421284485089
1421608145060
1421400553446
1421943168976
1421097381232
1421458884995
1421914003092
1421808047668
1421873188643
1421970474901
1421152798065
1421383082868
1421609649227
1421897867876
1421505749947
1421515131051
1421659535689
1421096229251
1421773056806
1421036863861
1421938159089
1421127703186
1421899382608
1421612795429
1421749600158
1421086618006
1421055858841
1421226873895
1421938079703
1421019943201
1421485266043
1421500904635
1421081794992
1421940702474
1421218267945
1421199136729
1421521506812
1421333812207
1421977707968
1421142795308
1421588622150
1421432032408
1421819703895
1421785763306
1421539070606
1421851142093
1421403811241
1421229477708
1421231425597
1421925000218
1421818848278
1421093726197
1421409319246
1421319988819
1421460750597
1421485245618
1421872378169
1421283016582
1421162101333
1421350957064
1421231585383
1421922239139
1421121382922
1421312526080
1421392912911
1421416158670
1421512941944
1421371836791
1421350073260
1421118537036
1421919655129
1421668830167
1421948501060
1421364811908
1421012391191
1421384980549
1421572157664
1421168748967
1421270137347
1421338059379
1421494517477
1421920743328
1421833562493
1421752785621
1421445718475
1421739049942
1421324968874
1421640178787
1421780492869
1421025321244
1421549105514
1421721952572
1421512935669
1421430224450
1421707029374
1421111436291
1421116253810
1421975893996
1421548763773
1421878168696
1421392479649
1421913526540
1421148833443
1421782137226
1421650885147
1421813691464
1421161887696
1421532520584
1421572854222
1421193988945
1421877477442
1421159765930
1421784206182
1421158735463
1421659553697
1421240166462
1421357585544
1421069213458
1421467724287
1421832280580
1421599238090
1421621731295
1421499569360
1421043387907
1421077732275
1421785872487
1421401710173
1421649523386
1421245568209
1421117595100
1421821792094
1421871799280
1421686976913
1421893616504
1421802680202
1421410670126
1421771482628
1421641870029
1421220965776
1421589826382
1421749255208
1421225078838
1421680582674
1421245505636
1421405820883
1421369843392
1421854815388
1421643001506
1421430438851
1421049908679
1421155195328
1421741515003
1421165653677
1421466594150
1421317693996
1421603051206
1421256634590
1421051478463
1421717927533
1421344267543
1421819436544
1421801124238
1421950387123
1421133456988
1421102257897
1421164808170
1421132724536
1421401550302
1421224180836
1421041371296
1421690658767
1421118559806
1421771964770
1421352626495
1421557381402
1421986501808
1421755938503
1421353075753
1421610235219
1421257178676
1421058878349
1421899342255
1421392348024
1421833759144
1421986947219
1421375971444
1421504848853
1421780362924
1421271350618
1421502762025
1421365016070
1421373340349
1421517011119
1421077399434
1421928078582
1421656305844
1421655709140
1421462621631
1421453413717
1421069466353
1421065753419
1421164160898
1421936479254
1421996080050
1421546336574
1421005487312
1421556144427
1421935761871
1421075103806
1421859730432
1421357345583
1421592103011
1421982931769
1421690115016
1421901914207
1421415291892
1421298802718
1421965840039
1421585355360
1421402354892
1421091368057
1421953421252
1421561109001
1421873082975
1421722526115
1421660071231
1421190494131
1421845609199
1421180112369
1421851304121
1421014327753
1421664965061
1421761573877
1421032778478
1421150105305
1421592330336
1421000484884
1421400797986
1421575199338
1421709418247
1421772601871
1421569966039
1421117743953
1421984833553
1421149265780
1421936835828
1421015565902
1421776887845
1421991303492
1421013088553
1421946003309
1421977537896
1421920959447
1421730289049
1421570003676
1421906678161
1421661825425
1421895357040
1421801403173
1421888629431
1421182706478
1421002028157
1421524522986
1421756682512
1421170175827
1421164849156
1421830969217
1421821302917
1421115025558
1421163289091
1421532747002
1421873899537
1421137856378
1421637764363
1421336368792
1421535113067
1421410978473
1421271162472
1421125805267
1421898274796
1421911944326
1421907211892
1421877741299
1421119008039
1421737143425
1421116256064
1421839638412
1421863853634
1421134418165
1421699550016
1421066705056
1421248128563
1421216728793
1421002194240
1421391144054
1421930306733
1421297718501
1421978797891
1421289609276
1421248596285
1421784521915
1421900549458
1421162094366
1421300836704
1421428825117
1421733238242
1421011927105
1421067273571
1421616447262
1421223206373
1421324364031
1421177084515
1421330552471
1421379430656
1421390725261
1421265440718
1421109606004
1421907831753
1421696587050
1421362190270
1421357259219
1421316193845
1421591165654
1421596401158
1421152074467
1421060994041
1421599968207
1421410717463
1421861945615
1421091401888
1421780732064
1421073731942
1421202814620
1421446145057
1421132467447
1421639653127
1421712652807
1421314257249
1421401917754
1421641899869
1421690282033
1421396713823
1421579381225
1421072624650
1421172029485
1421989270100
1421452115947
1421767775315
1421361781847
1421380996710
1421281103104
1421039754123
1421424099077
1421148770677
1421977264678
1421172412590
1421539606000
1421487821875
1421036070805
1421890689274
1421473631448
1421433176337
1421464054911
1421357614705
1421911614566
1421896729697
1421661383223
1421404957732
1421815543310
1421301351347
1421535116791
1421439304825
1421682277812
1421303839450
1421630233977
1421218766323
1421319179726
1421137034148
1421135064923
1421760977630
1421924074056
1421948152540
1421469388832
1421930208138
1421818982839
1421550170302
1421749686603
1421938162033
1421843880043
1421103132936
1421560531953
1421995094915
1421932179457
1421236972854
1421645990757
1421937471639
1421751811217
1421987605084
1421376566233
1421218213926
1421665177337
1421343483618
1421676698464
1421379920433
1421829738401
1421559956710
1421613047016
1421980600251
1421692640971
1421597102897
1421482231854
1421165002687
1421169644278
1421557976002
1421909352141
1421890416168
1421895876815
1421717354654
1421982292942
1421781298508
1421856757101
1421912059636
1421891596839
1421452588640
1421308548781
1421265364680
1421295998415
1421281808331
1421248882662
1421339002166
1421354580376
1421470587577
1421352131611
1421713267619
1421628140221
1421227877195
1421834634189
1421627532250
1421749758911
1421124882793
1421544963274
1421616093649
1421688579911
1421258807027
1421425343541
1421569904361
1421229392103
1421963385487
1421933208513
1421584324002
1421275745694
1421488662349
1421924878129
1421475797008
1421425469317
1421037254373
1421054523143
1421025175946
1421746014897
1421670120990
1421459498310
1421225748514
1421725157765
1421334364192
1421340673855
1421258065535
1421959969027
1421681495894
1421813225219
1421161739869
1421672924216
1421174273951
1421921070459
1421764914019
1421648666353
1421454130188
1421094664950
1421557179364
1421873659402
1421243178865
1421797223630
1421506209359
1421173864308
1421912260789
1421602168581
1421459199005
1421226066714
1421039473971
1421589201882
1421429734857
1421733769636
1421204092025
1421968342391
1421758151049
1421235003122
1421031806030
1421508985311
1421541743569
1421315203997
1421429075686
1421128894080
1421169107202
1421975288353
1421289756618
1421603274493
1421353806677
1421255161551
1421676011102
1421003068392
1421549974931
1421832584576
1421321808493
1421135917718
1421601950965
1421325951857
1421402563511
1421610585772
1421019079048
1421047158627
1421001871127
1421385970945
1421156827837
1421996992541
1421218779927
1421830040688
1421075805692
1421477417345
1421373661477
1421769447459
1421338398828
1421387114792
1421279263450
1421301093329
1421282003211
1421760507841
1421975084131
1421666869403
1421197981076
1421625886061
1421168951767
1421730791857
1421893378053
1421182652527
1421779248045
1421149512649
1421586145472
1421826756075
1421357467506
1421137668236
1421251617817
1421287548282
1421332044307
1421132832541
1421023011358
1421901554806
1421475612996
1421251500103
1421173946214
1421096945415
1421456983746
1421003540938
1421192689903
1421740369926
1421549087711
1421224474307
1421233380973
1421899441332
1421376006624
1421552263201
1421396338596
1421440339253
1421936773428
1421366533117
1421245684298
1421941312738
1421712203043
1421700304588
1421661876940
1421470017227
1421794797063
1421570212926
1421658362850
1421977802460
1421389049060
1421818140733
1421855403353
1421983090590
1421736341629
1421497045263
1421906843342
1421609223231
1421472554126
1421738801050
1421913896079
1421295177897
1421415214312
1421640677118
1421630938489
1421216037601
1421792312968
1421456485186
1421611240878
1421033791064
1421966245683
1421895232836
1421509191070
1421006378821
1421195994366
1421112434577
1421760663568
1421520707916
1421540929179
1421028584506
1421809834935
1421889675037
1421737052012
1421073479361
1421767348463
1421111639471
1421298992692
1421351219542
1421254960822
1421277087763
1421919359172
1421122508525
1421434995398
1421191198741
1421653267711
1421454367556
1421069852131
1421622204842
1421710744021
1421793429474
1421164784636
1421669708473
1421849245523
1421303828931
1421275937707
1421888874982
1421963757713
1421831579093
1421755190941
1421184341064
1421603086432
1421505692674
1421056308653
1421686539623
1421569907153
1421080027266
1421185687583
1421183142070
1421537444980
1421347524452
1421088823989
1421300091626
1421746688987
1421365704509
1421261680546
1421123314354
1421036502637
1421613976921
1421807479911
1421180130427
1421773043267
1421820142262
1421709289885
1421458740220
1421573122152
1421425858034
1421539497097
1421626696819
1421814440580
1421933236234
1421325494661
1421316523218
1421677853822
1421264351077
1421767480840
1421844765585
1421174283695
1421056500520
1421926541387
1421674719365
1421149845159
1421414360440
1421412956818
1421166599156
1421119501532
1421949094998
1421249107016
1421148305961
1421956779711
1421087798857
1421096884595
1421876046659
1421740237267
1421923948735
1421128222547
1421739820571
1421436742854
1421891232664
1421357723105
1421100693856
1421160257340
1421872791083
1421074907527
1421226454374
1421214914958
1421866438689
1421964765920
1421707652700
1421331781355
1421279639555
1421763624690
1421727060069
1421612580088
1421361803314
1421454919854
1421541989720
1421612267494
1421553026136
1421280331997
1421015440636
1421319654989
1421682827122
1421088212566
1421254112508
1421958177071
1421709691669
1421172018119
1421626049579
1421089550914
1421220037136
1421146263574
1421976873649
1421232957322
1421300938910
1421905027323
1421583112512
1421006544923
1421487397475
1421382828087
1421108257778
1421907383134
1421539893289
1421709738324
1421806045038
1421977874041
1421273757967
1421564773908
1421156116479
1421093978703
1421958278105
1421867776342
1421105965442
1421000020463
1421218934617
1421058864647
1421015393401
1421723310153
1421954445583
1421955432518
1421852819476
1421301640037
1421857033233
1421002412287
1421527756814
1421099787061
1421892274641
1421193927139
1421055677260
1421617446597
1421581764222
1421774448398
1421302433719
1421368141688
1421113398882
1421041976294
1421362923158
1421121020630
1421202180567
1421062659611
1421402708574
1421946469667
1421708005479
1421876743976
1421326561911
1421784218246
1421495471389
1421111399822
1421130681487
1421137106851
1421034407517
1421787370956
1421418390314
1421651845185
1421330337284
1421755467113
1421020802860
1421124946926
1421658829646
1421735174621
1421640975438
1421112761602
1421601886706
1421675377211
1421141172333
1421097841170
1421280387979
1421659753740
1421712551719
1421662826484
1421826179884
1421855213100
1421110912176
1421651079275
1421759060451
1421239076030
1421004619340
1421426856044
1421845714597
1421985992630
1421492180627
1421776866882
1421878771296
1421532612135
1421268641665
1421456294114
1421160146590
1421500537985
1421475570263
1421214778664
1421828492791
1421779106509
1421954826816
1421338462261
1421486448512
1421542495479
1421508806646
1421982279357
1421816301896
1421057761889
1421048392102
1421850215318
1421934014584
1421945460331
1421624829665
1421641383463
1421766753916
1421480587162
1421270647354
1421223795260
1421539586651
1421786267766
1421653877697
1421512609016
1421578421039
1421115984983
1421735315569
1421671849294
1421661560319
1421019772464
1421837403882
1421620559309
1421535648795
1421391568236
1421669430271
1421702222157
1421293594091
1421725115628
1421291335378
1421621847619
1421887755230
1421577600941
1421784013637
1421724028788
1421310563811
1421681350458
1421079808554
1421426439122
1421804937347
1421737760348
1421415172504
1421730663341
1421472617519
1421838399923
1421926552123
1421177795892
1421155944054
1421819832784
1421205528957
1421996571675
1421216848864
1421334480024
1421136559112
1421125868275
1421043097730
1421736913945
1421851754017
1421785015015
1421118795947
1421894880730
1421077669204
1421012780297
1421687982007
1421141946765
1421400996651
1421435992581
1421058090938
1421180260911
1421379533550
1421886387603
1421890085493
1421563445971
1421893785169
1421507258003
1421171814835
1421650145767
1421617782338
1421041779582
1421830370374
1421338362109
1421781852478
1421402333451
1421641092559
1421176864936
1421933518425
1421270092387
1421830435821
1421579350885
1421837298108
1421561248568
1421731059088
1421844655299
1421868604223
1421538065696
1421728138595
1421526058801
1421532993724
1421263999449
1421706365716
1421959096722
1421684976089
1421716863413
1421493341242
1421114042208
1421740309697
1421676005038
1421159907954
1421229372937
1421661765708
1421236264363
1421548094924
1421313973084
1421637590587
1421327775211
1421923965161
1421207493326
1421522040550
1421799433589
1421583534520
1421240166413
1421611431519
1421574333641
1421613309935
1421834139000
1421001810187
1421490884331
1421041361291
1421610062400
1421609915803
1421481718565
1421862602326
1421029117469
1421120410432
1421644284390
1421301410630
1421342552403
1421858525308
1421164859973
1421303807552
1421360375185
1421329152345
1421035125851
1421721121542
1421196173065
1421678067258
1421795971834
1421207916255
1421576163690
1421783856654
1421359233521
1421362131802
1421992758871
1421582513637
1421609132031
1421026817038
1421694450793
1421221959991
1421730245352
1421912220111
1421074064589
1421496094123
1421051128888
1421751806329
1421197062211
1421631644058
1421710460650
1421165627553
1421008128412
1421923460664
1421061636458
1421407674915
1421880302156
1421709695747
1421409740489
1421301258505
1421442518072
1421571409643
1421279488725
1421345873957
1421907887471
1421592742425
1421863761231
1421239848651
1421798009081
1421298388752
1421475628684
1421239292646
1421332589507
1421489075920
1421589328454
1421597187064
1421553207738
1421239835991
1421993169092
1421713952247
1421306319787
1421157734751
1421484487041
1421813653174
1421836568848
1421455442405
1421112755553
1421478781626
1421383071651
1421563402829
1421171608711
1421786577019
1421469772721
1421118152142
1421837906064
1421797514906
1421140111049
1421037308102
1421428111674
1421545407223
1421899624269
1421204982487
1421840037911
1421832113536
1421313455624
1421175783191
1421679665302
1421222904134
1421970673189
1421807650090
1421933805995
1421368133348
1421380579102
1421398876923
1421099953618
1421613773783
1421668242989
1421853463242
1421807582578
1421004816060
1421858499128
1421423235680
1421823908046
1421489882547
1421396760685
1421605897754
1421137471113
1421606342302
1421414934221
1421173948595
1421230774684
1421142612154
1421423991580
1421789000910
1421836849168
1421131933450
1421073058247
1421687446380
1421232920845
1421308640407
1421478732405
1421482495319
1421391698098
1421275608992
1421355240931
1421278624832
1421879526171
1421520257757
1421264453641
1421063830173
1421386662837
1421416462996
1421796113424
1421347824983
1421510666681
1421886319435
1421806258778
1421354294939
1421905705608
1421579266424
1421948936892
1421584873944
1421784042076
1421761386857
1421694356162
1421576953854
1421845620990
1421884171672
1421105407668
1421898171380
1421194338252
1421787583025
1421673512822
1421788529288
1421382999993
1421606285813
1421801412841
1421857820082
1421470857153
1421872998515
1421101857361
1421888037010
1421034215077
1421475390738
1421818272120
1421983919644
1421298460966
1421101849796
1421529601287
1421008527100
1421700882403
1421195793952
1421530443744
1421747212703
1421261785516
1421969894865
1421754708177
1421575492910
1421579440762
1421526795535
1421971864300
1421912964496
1421888440130
1421633031820
1421097444649
1421710146192
1421604842977
1421059884585
1421046627279
1421328453672
1421192542261
1421115201798
1421019493106
1421575533997
1421280887892
1421566744048
1421510730480
1421092679041
1421710039218
1421068902706
1421737646836
1421386409315
1421582332586
1421234595057
1421962620455
1421287905161
1421968716739
1421585939168
1421999338752
1421400473166
1421206643964
1421816856338
1421215966522
1421092487981
1421380858523
1421025156085
1421531142902
1421797985660
1421411581750
1421146295945
1421353819259
1421333278454
1421078747677
1421537826227
1421443871984
1421666239968
1421838195557
1421101493448
1421466338963
1421539282461
1421076283839
1421894815670
1421382851969
1421014753556
1421372826452
1421873046116
1421901268398
1421180409644
1421020418672
1421577474564
1421000513237
1421069187560
1421294022264
1421030272992
1421825334200
1421937715898
1421057220147
1421925078568
1421030033392
1421706545482
1421656791793
1421943476208
1421045897017
1421525897545
1421579103796
1421630876841
1421769262518
1421346411617
1421366373487
1421344541949
1421063303158
1421760265096
1421232019042
1421377317751
1421322090410
1421093142255
1421932027552
1421346750268
1421732605935
1421368396253
1421093112583
1421951929479
1421815395372
1421745986123
1421276828158
1421515050085
1421649883282
1421716540940
1421728464933
1421493875914
1421124623875
1421546137490
1421073596875
1421057716542
1421142695149
1421313499395
1421896408760
1421920406207
1421389707681
1421072253337
1421393500009
1421348277174
1421950918462
1421660647826
1421522332362
1421995087598
1421008431200
1421781450669
1421067323057
1421735662448
1421282029491
1421257848576
1421610821458
1421310695362
1421759642276
1421338225634
1421404944022
1421721310584
1421544985204
1421728605965
1421548731720
1421582878777
1421778814091
1421261049694
1421998763521
1421784930065
1421184482334
1421990591849
1421156649203
1421639641780
1421180296439
1421501446977
1421020989218
1421075143183
1421398872163
1421245123663
1421899063138
1421691639064
1421258309475
1421086080244
1421447669811
1421740640263
1421859635319
1421708784786
1421649456482
1421755789708
1421867337221
1421600538918
1421088934163
1421429377833
1421701981946
1421606453395
1421778807151
1421595541493
1421625509051
1421389865623
1421110411819
1421247828251
1421263549908
1421715274624
1421146508084
1421521360880
1421130569196
1421310135960
1421858124358
1421092137716
1421315684351
1421200012256
1421014179331
1421309181174
1421896923624
1421883085842
1421606235423
1421286662898
1421251832510
1421020355791
1421512549283
1421831469650
1421266065337
1421285763007
1421286094000
1421414855394
1421221876388
1421496019112
1421572576489
1421548455915
1421517133830
1421244979133
1421799098993
1421997764212
1421191057728
1421796902302
1421813960712
1421868209560
1421100901426
1421815161447
1421519373989
1421128284344
1421298689743
1421972062311
1421699407445
1421026353477
1421130402952
1421403241121
1421609488838
1421140887077
1421713010702
1421678075138
1421597069789
1421610028022
1421853281625
1421664479304
1421345385086
1421909856696
1421704389092
1421947281252
1421722412326
1421730198871
1421654483953
1421771379898
1421126213094
1421566063744
1421915732652
1421634802856
1421531944126
1421040248530
1421476012179
1421862976065
1421050485700
1421151268301
1421846070639
1421636399781
1421025998406
1421349963513
1421787565845
1421712681536
1421098592475
1421629664248
1421999022185
1421763519696
1421633997445
1421517548900
1421134320637
1421120546112
1421540467193
1421511508859
1421965275291
1421138138569
1421706316692
1421731264566
1421401925326
1421938564300
1421289711257
1421913153851
1421282097167
1421715011758
1421529437301
1421680556796
1421716220604
1421790406992
1421810285410
1421790323037
1421725671500
1421231679933
1421545556983
1421814200270
1421668470586
1421716816834
1421932813814
1421884793093
1421168463256
1421005454311
1421101880537
1421420139541
1421431756169
1421476922536
1421278549480
1421037842419
1421644565839
1421563896511
1421804217657
1421814537516
1421860370575
1421489581572
1421868299941
1421355952004
1421267809903
1421728827664
1421653812459
1421647037658
1421466080568
1421527567035
1421054810110
1421736470504
1421995267018
1421273791080
1421601382439
1421080719009
1421039301906
1421987938950
1421807427166
1421798890704
1421308531716
1421044006496
1421968148056
1421177889413
1421279432212
1421222993881
1421020281685
1421816260256
1421265750312
1421251676769
1421948475576
1421776757384
1421166192463
1421754999216
1421524285395
1421031702558
1421581399145
1421075271121
1421559373459
1421361809300
1421800224382
1421147564166
1421216246340
1421377980672
1421783095783
1421627105467
1421903810562
1421212094664
1421014869052
1421608485438
1421024812201
1421869619156
1421667671350
1421284331763
1421699369723
1421510844612
1421188732800
1421670657670
1421868639980
1421912474420
1421195266782
1421432643777
1421922235908
1421035771765
1421351443401
1421885091421
1421271741458
1421084451926
1421492420875
1421932211845
1421975945291
1421885059926
1421455155619
1421768162174
1421937392484
1421302736273
1421219105920
1421885104627
1421206386168
1421950999971
1421414731176
1421559628205
1421762705628
1421734572177
1421090439457
1421520306844
1421744592208
1421275145054
1421780340939
1421590712290
1421676258333
1421421749436
1421849277088
1421341538838
1421418535753
1421897666199
1421087386422
1421367821483
1421843861726
1421071125626
1421439507034
1421336475197
1421430073788
1421627538332
1421494376788
1421043628189
1421294374364
1421882095391
1421008010449
1421390971315
1421979335252
1421561669071
1421627017596
1421491556840
1421376455114
1421688347407
1421371385558
1421558537727
1421812257728
1421330707589
1421729944756
1421907270105
1421563060424
1421491550878
1421856570995
1421168824039
1421243214133
1421813108159
1421333943125
1421207636655
1421536113243
1421407988208
1421792015450
1421418079812
1421946391277
1421111755382
1421792839830
1421828826099
1421709121046
1421423221215
1421722396901
1421774227419
1421780605227
1421257151210
1421904458170
1421389807496
1421176035606
1421293549537
1421420236751
1421256365810
1421350092422
1421471378913
1421648642444
1421124585631
1421934264504
1421896835303
1421988977249
1421101997580
1421179028645
1421394694913
1421634366166
1421886242451
1421744345670
1421872858143
1421432833756
1421491893440
1421122003760
1421936617724
1421308356425
1421908470077
1421446466018
1421346203896
1421507508888
1421100057851
1421790825069
1421264382786
1421084621463
1421295847705
1421819392843
1421280464617
1421039369849
1421741002241
1421623235407
1421278266915
1421687137247
1421475293416
1421659895255
1421824318716
1421836938495
1421214195044
1421499815221
1421604890623
1421956053024
1421564435824
1421835639054
1421250929285
1421949922073
1421844176090
1421943200307
1421001774832
1421524097300
1421153199367
1421716398461
1421703780593
1421737915266
1421668874689
1421529225720
1421714449313
1421552908916
1421223766720
1421057339899
1421759137104
1421371938760
1421101182928
1421413672566
1421681230099
1421619125863
1421125124037
1421031904124
1421957979509
1421575077573
1421453788141
1421646457235
1421168951905
1421225223176
1421203319281
1421369294411
1421838310681
1421721568267
1421409534817
1421970184204
1421763763626
1421874401253
1421662040885
1421653249045
1421688421191
1421906423155
1421645851668
1421774055914
1421874480609
1421356709151
1421654298798
1421401825657
1421090158335
1421339243999
1421571033610
1421845226927
1421013662387
1421541941278
1421703792996
1421727090237
1421401973685
1421902455131
1421640220979
1421745513252
1421506756774
1421985578793
1421483292184
1421376534344
1421787989057
1421926813229
1421208954740
1421986503875
1421550084703
1421697780113
1421303813907
1421303061605
1421474908435
1421520946447
1421357939441
1421474721972
1421794806699
1421874227663
1421520638414
1421355884445
1421777070122
1421577733333
1421022971357
1421790777106
1421526613401
1421977856788
1421074775333
1421382888600
1421899011378
1421713740124
1421316121919
1421115603369
1421668237099
1421763378499
1421234324899
1421982720845
1421413061919
1421449714544
1421450843822
1421412463138
1421009714589
1421876933294
1421534255438
1421832719708
1421179283353
1421169812108
1421062678299
1421545546316
1421715120017
1421156471735
1421611398927
1421276853371
1421666332991
1421860772980
1421017690756
1421965168308
1421817401906
1421811150410
1421570867528
1421701767651
1421793692394
1421759617169
1421215478350
1421886882718
1421864684803
1421884252900
1421867496796
1421133084386
1421205347101
1421356399681
1421851401408
1421911120567
1421889273539
1421315049579
1421348017516
1421375849858
1421269039486
1421116935841
1421925504957
1421014871250
1421312275298
1421866374053
1421391815899
1421433576101
1421544739525
1421914229784
1421677882580
1421895590875
1421594786762
1421584568668
1421843280699
1421425765630
1421793321325
1421876980548
1421820559947
1421447497776
1421373094372
1421720443009
1421754014111
1421102486687
1421067760101
1421816340899
1421342840898
1421946398823
1421727657151
1421737802858
1421537357137
1421999328275
1421129429066
1421049770941
1421487177163
1421925263605
1421103823286
1421676243835
1421709239929
1421519879276
1421575668954
1421955058909
1421024752562
1421198900513
1421759915214
1421797943719
1421548322200
1421303172652
1421326332998
1421373982750
1421520960523
1421718275107
1421908174814
1421949963400
1421037565681
1421592844366
1421594383003
1421530537968
1421971030349
1421508773754
1421416929661
1421989369521
1421678012496
1421771787957
1421398293881
1421188523892
1421609293440
1421024020684
1421273376083
1421663273294
1421933154707
1421973635636
1421091670466
1421060580029
1421908731187
1421602321890
1421920273764
1421018874337
1421049768306
1421131207531
1421162490788
1421244862342
1421117681881
1421649830434
1421697626469
1421218021619
1421629556848
1421985418581
1421435811967
1421837005962
1421614677527
1421567263525
1421863540437
1421238938070
1421655785557
1421314290819
1421471906358
1421283245381
1421581929061
1421568039079
1421008445536
1421649780869
1421054099232
1421136297939
1421103016733
1421687912807
1421711724550
1421223610569
1421682238548
1421189464136
1421485192519
1421087113330
1421732484857
1421842898561
1421962330093
1421190756700
1421760338411
1421083324925
1421762008483
1421762429943
1421153505293
1421463810287
1421990143846
1421841279767
1421660015996
1421862971855
1421982062939
1421977211381
1421710810928
1421017592441
1421086323269
1421422417178
1421996471551
1421380233572
1421057441039
1421368246085
1421148633991
1421446368415
1421575228328
1421066772781
1421663522286
1421906645712
1421097652274
1421360431102
1421374759993
1421692237694
1421539947608
1421255383322
1421139512941
1421951145557
1421406178781
1421977990945
1421336384977
1421501066039
1421203648937
1421051601561
1421600144432
1421066165579
1421146045089
1421369757262
1421378252977
1421721938101
1421196205626
1421576725455
1421730024321
1421590324820
1421373094720
1421605272097
1421167406532
1421330602445
1421266613132
1421250985946
1421383916296
1421869862970
1421543965604
1421343370652
1421367859905
1421184110384
1421003722876
1421082186661
1421763241200
1421418590615
1421546660313
1421084761067
1421308530097
1421536754878
1421850879910
1421512043597
1421107255418
1421013175776
1421429479051
1421382108156
1421752989228
1421523286051
1421401289605
1421266855097
1421050274319
1421186749807
1421515107155
1421940532533
1421687183331
1421360746928
1421463787502
1421208386626
1421640989136
1421704769785
1421762054186
1421146662761
1421672000225
1421644596779
1421118371722
1421105828619
1421966763407
1421138964717
1421817769843
1421774424569
1421648375796
1421614551508
1421663202044
1421135509942
1421613332360
1421943530058
1421266837404
1421255417288
1421217095915
1421445733673
1421909852021
1421102572370
1421424004051
1421129586204
1421309402136
1421175297478
1421503686230
1421099257740
1421814478377
1421115853236
1421282030582
1421446152576
1421483540124
1421998535609
1421093303994
1421237897469
1421912127500
1421125169991
1421239877950
1421973742751
1421353887746
1421314369241
1421524863773
1421270693448
1421439120047
1421368883604
1421689002867
1421862671010
1421172414312
1421868961261
1421549565609
1421328719696
1421182028234
1421200340689
1421152753555
1421721587883
1421740413250
1421852639948
1421854295940
1421633488201
1421184125439
1421573133641
1421211804116
1421201552573
1421726238965
1421932289297
1421572610771
1421617263086
1421169760150
1421813708260
1421304736374
1421000110403
1421864739161
1421308931137
1421752026479
1421802541434
1421098110657
1421559546587
1421331656632
1421572935174
1421644598311
1421631299020
1421808704014
1421610913284
1421977923861
1421170179125
1421512767385
1421220862553
1421078625831
1421347014174
1421755874096
1421992040613
1421347054736
1421539184478
1421446925094
1421535436488
1421805747542
1421638898458
1421216776576
1421715478365
1421091917769
1421493471160
1421568535658
1421849391800
1421554579449
1421705420523
1421534722784
1421401608490
1421716166487
1421696337005
1421065422667
1421461839623
1421904566685
1421001069829
1421170652241
1421567211677
1421589129221
1421345985406
1421354238456
1421807689709
1421300291485
1421725338136
1421574923741
1421222392017
1421243711025
1421999206846
1421823336554
1421312937406
1421834197340
1421662013720
1421539684214
1421453642053
1421589461672
1421268658227
1421130271384
1421455941446
1421774196702
1421518026717
1421126536045
1421688684684
1421435690069
1421614078550
1421932487830
1421664400779
1421311102486
1421050765270
1421412764057
1421089488910
1421869782367
1421997231746
1421218389122
1421658049825
1421013032702
1421518041603
1421396192236
1421633022145
1421379050589
1421537505294
1421825966869
1421138372609
1421528072102
1421250345151
1421007730134
1421563207299
1421040705494
1421685404984
1421783573649
1421698520874
1421222186138
1421863304216
1421137296999
1421555084263
1421357052531
1421384495863
1421690778350
1421268698033
1421022670268
1421321901053
1421026528535
1421408455975
1421608009810
1421649664261
1421622432806
1421318673487
1421279865262
1421801748081
1421462833210
1421192654384
1421932004560
1421172965865
1421026125582
1421036718397
1421388546517
1421889815059
1421204822330
1421036304183
1421270946035
1421947406588
1421897716440
1421380074075
1421755527173
1421772252118
1421369196839
1421432160280
1421661329690
1421978569918
1421050843765
1421199242898
1421588130204
1421503368241
1421198001511
1421254463796
1421637707091
1421294892476
1421495468038
1421304367266
1421783456523
1421091565192
1421584798451
1421009798421
1421794824882
1421434150494
1421987054360
1421763556707
1421127696365
1421031319262
1421477312453
1421598535355
1421891468211
1421996122261
1421579311785
1421818246983
1421749407490
1421331284702
1421001746506
1421858681603
1421471709505
1421710688254
1421143807402
1421738312714
1421946791901
1421738724196
1421909959280
1421865543559
1421671656170
1421428372287
1421837775029
1421985390302
1421895673150
1421722934255
1421619530880
1421086616815
1421118438424
1421241648645
1421843294160
1421928090512
1421737334621
1421934175835
1421333690560
1421112126097
1421891465187
1421692305069
1421062872793
1421602518005
1421215655329
1421878387322
1421142250206
1421468748375
1421875883078
1421988879451
1421926632872
1421679219726
1421619371219
1421539561448
1421219166227
1421613604204
1421800707817
1421109716901
1421034593113
1421494728970
1421451424396
1421231924316
1421591156926
1421307987602
1421905315489
1421776334067
1421885114570
1421368856251
1421187952061
1421097119868
1421213060907
1421970426138
1421964683360
1421914675685
1421619840364
1421321628207
1421571175132
1421873706369
1421400667160
1421651249578
1421031539586
1421112212712
1421521541200
1421323407307
1421899940496
1421848650618
1421856016210
1421781832408
1421447895120
1421892943198
1421825522557
1421994264251
1421650374762
1421958195491
1421597253906
1421066236806
1421277977947
1421976134103
1421060700091
1421658416983
1421788768356
1421206280245
1421950256824
1421411837161
1421409503281
1421487749883
1421795087332
1421170065914
1421167994248
1421597194355
1421459278708
1421348653526
1421073474551
1421229215220
1421878409945
1421129341910
1421677978549
1421912170171
1421122853515
1421204926605
1421323679083
1421795831959
1421565479270
1421757924749
1421540369701
1421911843084
1421248069539
1421671700890
1421374292430
1421448891029
1421364970204
1421540287375
1421038959796
1421549358046
1421604863621
1421513244959
1421998424978
1421178246868
1421136511254
1421538293166
1421602801448
1421369306318
1421724967689
1421397848417
1421833462716
1421424009552
1421178019663
1421931482928
1421867166848
1421839117346
1421924714309
1421601403672
1421978843571
1421146832676
1421892878913
1421085752144
1421109627453
1421898543920
1421811229002
1421309515914
1421988496021
1421668037823
1421871057950
1421981494416
1421324548674
1421930747880
1421782583067
1421267467954
1421587119119
1421131319331
1421080168823
1421304414996
1421402249081
1421410566603
1421449911011
1421026505689
1421872581220
1421770090554
1421039592522
1421331876936
1421142968054
1421104930457
1421112914977
1421439215432
1421638278197
1421797866458
1421417767380
1421493887873
1421497206030
1421564800621
1421970419125
1421322566669
1421566955830
1421662441942
1421571836997
1421128527988
1421140610711
1421423810070
1421834897819
1421296408265
1421403610324
1421471187103
1421565621790
1421834390599
1421730621895
1421010781925
1421208012880
1421407468041
1421639023922
1421140427456
1421112146248
1421978242671
1421642331894
1421517045295
1421659720297
1421630633325
1421876528735
1421022360076
1421956143418
1421693822843
1421643658410
1421150062612
1421614601958
1421161431592
1421047739018
1421425675480
1421966855097
1421057525647
1421014231155
1421937866421
1421394175343
1421137724220
1421367312833
1421274118129
1421361975739
1421708899922
1421303203797
1421892632261
1421321701095
1421548163371
1421948537793
1421526112803
1421821045931
1421051085023
1421235514769
1421759073113
1421530340676
1421537092779
1421295786342
1421949553797
1421136803818
1421354796909
1421302937445
1421056603379
1421672469675
1421931887717
1421234845085
1421977923284
1421322296328
1421732220500
1421510756316
1421854826101
1421238827304
1421083569619
1421147529154
1421837921177
1421167753821
1421464687569
1421677307389
1421585003470
1421711685319
1421379795732
1421235112024
1421017577162
1421672114074
1421775707930
1421080286672
1421369512083
1421620365151
1421487368509
1421864250771
1421981786730
1421396966353
1421825967539
1421536388548
1421681515457
1421613565474
1421453759814
1421058807546
1421109119194
1421184126029
1421312971978
1421337468424
1421254005754
1421632762544
1421977426206
1421496202220
1421319123768
1421052423982
1421017852430
1421050278084
1421930572167
1421014151765
1421474022607
1421448157572
1421632171740
1421788596742
1421531809539
1421781108660
1421488180679
1421897274297
1421778819122
1421500705969
1421275177950
1421739911985
1421925281075
1421631633859
1421145514803
1421518592058
1421544337075
1421874173660
1421594954365
1421553793714
1421415798537
1421035433559
1421775874141
1421293988768
1421593737190
1421988827706
1421619713040
1421754445692
1421148247644
1421658894369
1421470988854
1421461622739
1421457956188
1421893161289
1421574876887
1421909121618
1421393771164
1421962964047
1421063939493
1421620431676
1421260872638
1421132058544
1421319874598
1421506110615
1421312966515
1421267609545
1421706110773
1421549198415
1421920777294
1421551358012
1421999398222
1421264403722
1421928644241
1421703639936
1421132417900
1421029975698
1421360742021
1421608906738
1421539305654
1421724593969
1421122598227
1421589588466
1421306812674
1421409575550
1421877363618
1421912588787
1421970522592
1421706360250
1421538020840
1421062158233
1421957159635
1421543710523
1421535404238
1421176640244
1421846068284
1421604762375
1421999152274
1421402653177
1421755366165
1421099471141
1421239259537
1421102239097
1421993318673
1421483632664
1421228891410
1421216906328
1421751842913
1421393332056
1421884364784
1421896739085
1421226357526
1421903085130
1421535075442
1421394703345
1421120675258
1421095621111
1421026504668
1421187751069
1421267140297
1421339157325
1421283595995
1421125279605
1421685525034
1421303516865
1421504338304
1421194842284
1421215953325
1421076036341
1421660084804
1421800753954
1421546882220
1421304491670
1421364780754
1421514270693
1421485424173
1421398366976
1421393232898
1421343501269
1421406636935
1421306522001
1421313303321
1421527660072
1421643862136
1421205268873
1421355252541
1421951099278
1421208213206
1421315853513
1421907500949
1421396464533
1421792309177
1421055000201
1421575280778
1421089400219
1421135445450
1421753290099
1421500220648
1421352441697
1421669180944
1421234319107
1421765586855
1421732684335
1421679315206
1421033078810
1421404767206
1421913725135
1421278229625
1421661860626
1421512107835
1421867777134
1421212524222
1421512274020
1421956077604
1421139023327
1421681510871
1421143370678
1421685217375
1421308732406
1421203656312
1421329615063
1421450105717
1421618791322
1421597316567
1421828942770
1421280313567
1421412970121
1421779060849
1421514580931
1421747517964
1421570181480
1421830963383
1421848900981
1421917931377
1421057512829
1421095254392
1421323180972
1421627851105
1421414198449
1421627045897
1421109043323
1421297270967
1421942874281
1421156279845
1421871967434
1421237759491
1421803791129
1421261403846
1421953813941
1421899467616
1421328557987
1421579943940
1421070094304
1421083311728
1421435368437
1421076400920
1421725648696
1421234651216
1421773159507
1421128975766
1421440074211
1421790448514
1421127611926
1421267832706
1421806323898
1421881843380
1421263024708
1421675274987
1421256706436
1421062259889
1421231844237
1421338513271
1421954313367
1421016377415
1421553457138
1421695088862
1421386486682
1421942241157
1421735148785
1421431687334
1421067314362
1421453603923
1421696435823
1421676597064
1421924051515
1421071084851
1421773767436
1421476625197
1421495304925
1421838206002
1421913327677
1421549574944
1421847209498
1421818341890
1421065262346
1421117100671
1421222346295
1421985124975
1421260276353
1421076627010
1421636064696
1421027292447
1421454527817
1421559641965
1421724729239
1421069115302
1421667892416
1421597701183
1421005646404
1421789737262
1421297456179
1421236278292
1421991054330
1421709391774
1421286922308
1421024652299
1421300245631
1421556650790
1421227672830
1421831284179
1421489565218
1421966951021
1421726076477
1421484412717
1421416870548
1421422760767
1421907699939
1421878365196
1421416405217
1421552196596
1421994559722
1421551046410
1421099753431
1421120145271
1421975202543
1421552915638
1421807381722
1421156583217
1421189039494
1421361807946
1421596784026
1421969441763
1421551009617
1421237909903
1421831581679
1421492911186
1421463325159
1421052101491
1421675870991
1421660736833
1421175960514
1421360282522
1421755010305
1421324142295
1421091235037
1421862327091
1421085581622
1421622253227
1421620779732
1421338002179
1421404559911
1421082511412
1421195433625
1421231784827
1421430845949
1421178059737
1421901618962
1421733754335
1421008872795
1421904661913
1421971312300
1421131011170
1421933627811
1421997524286
1421325847555
1421895659107
1421460531388
1421757718594
1421980530291
1421049017601
1421647761090
1421322909400
1421363604805
1421490813486
1421655717501
1421966373495
1421626426200
1421665596876
1421835749785
1421652045978
1421135160225
1421694520412
1421781225796
1421440147378
1421015539267
1421431294628
1421926104797
1421829364042
1421963746015
1421386939914
1421725504433
1421798205218
1421159259203
1421826089219
1421487797510
1421100982881
1421085684204
1421933983408
1421028543141
1421567996704
1421361623379
1421189691809
1421989002622
1421234849911
1421914967603
1421825337480
1421679311596
1421155270304
1421639258652
1421849705756
1421306913407
1421396799061
1421299476106
1421961659822
1421478430902
1421679875610
1421636545254
1421938559727
1421448229890
1421223678041
1421572517839
1421522801235
1421640277339
1421077877722
1421744597212
1421328986703
1421075614268
1421603175508
1421127043655
1421897072094
1421493477127
1421745053851
1421194510597
1421867943106
1421410185467
1421034249655
1421273712377
1421624403578
1421508600948
1421561738344
1421619491627
1421037693415
1421441265038
1421848330495
1421071041401
1421560884254
1421489862013
1421675120789
1421888162424
1421768588042
1421055377933
1421311570232
1421388740340
1421494815631
1421384711738
1421502985320
1421302194688
1421961575387
1421047888455
1421130071364
1421776267803
1421132728238
1421465612624
1421606359027
1421210029725
1421522454244
1421584179621
1421098692152
1421042013971
1421074708116
1421345642436
1421350748369
1421519706348
1421352486596
1421750938321
1421010108129
1421774510354
1421898997919
1421292198334
1421222294950
1421854806311
1421838481355
1421206967208
1421159902616
1421522649918
1421053275908
1421907626987
1421445924998
1421710908898
1421333124726
1421902828791
1421369591633
1421875047702
1421855549795
1421885388498
1421921493860
1421237058259
1421908659865
1421955250378
1421345841945
1421978379099
1421655451002
1421036923885
1421355588310
1421162242994
1421167121118
1421697155408
1421453192579
1421848516538
1421605821964
1421817710510
1421519762271
1421261731550
1421299357951
1421279939543
1421325634838
1421489979542
1421914165368
1421946839080
1421719329191
1421717959552
1421818013686
1421343671200
1421906692875
1421441359925
1421612778694
1421670139428
1421718286665
1421218623559
1421232630373
1421401772171
1421638439444
1421136470007
1421806064659
1421380282708
1421373151079
1421180460708
1421359483179
1421148220642
1421916556236
1421328266179
1421603419232
1421762695705
1421127689632
1421933132417
1421253413172
1421732306570
1421083258061
1421657750564
1421785599512
1421925709551
1421248124084
1421405318833
1421691103407
1421778291643
1421821991220
1421923842721
1421866422490
1421131225739
1421700421662
1421959452909
1421355038899
1421419584303
1421017085141
1421409306989
1421610701756
1421990867069
1421014957260
1421275321167
1421195848602
1421879200438
1421516728791
1421623152446
1421411862149
1421571227191
1421617184998
1421576988960
1421127818978
1421286127348
1421829804655
1421587875716
1421513585815
1421879059459
1421623458571
1421165608824
1421894241732
1421997825595
1421171544930
1421331030845
1421326286508
1421009494815
1421454355386
1421804268269
1421905814174
1421388908094
1421741476636
1421805857827
1421227981790
1421441372937
1421343101313
1421606597244
1421191493353
1421157942421
1421986256184
1421232747134
1421766926274
1421440822454
1421149363096
1421601898044
1421261971214
1421061773444
1421365330646
1421244320055
1421662251052
1421769762328
1421026385868
1421225548532
1421036897778
1421201387811
1421306836186
1421655739138
1421801695869
1421972659216
1421218872372
1421463341289
1421827863001
1421926050106
1421014771823
1421320917881
1421882154877
1421641562238
1421392875781
1421260718335
1421036554426
1421127866096
1421927721286
1421255749211
1421962484433
1421943481121
1421374085430
1421366019348
1421245449774
1421744655323
1421817848755
1421749369896
1421203338570
1421211060787
1421373595800
1421801352387
1421707954874
1421760396758
1421445987462
1421557708946
1421022725935
1421368072418
1421040255369
1421366782322
1421500023916
1421945459583
1421179207752
1421679738589
1421896363108
1421691822966
1421316745505
1421747649597
1421628995686
1421824154494
1421054880390
1421736536230
1421230207370
1421968314070
1421884346266
1421702884106
1421272242851
1421110954258
1421206225966
1421790483811
1421895327082
1421626697690
1421728961004
1421011151109
1421773790483
1421757025986
1421883021518
1421285884066
1421368791977
1421297530162
1421455151471
1421540967767
1421661870170
1421693348964
1421269166654
1421769311697
1421875835408
1421164953393
1421605049429
1421860044179
1421769653253
1421186001613
1421936264769
1421918914976
1421880947391
1421327186830
1421938197006
1421995882793
1421513237342
1421393739339
1421178697304
1421932486829
1421839647225
1421524762383
1421487979647
1421309100521
1421396720855
1421004578079
1421506786320
1421967687099
1421328341279
1421121415681
1421535825473
1421693562201
1421724759588
1421277853953
1421459467348
1421172164087
1421926498736
1421071719239
1421063613899
1421875873554
1421731631111
1421877870726
1421018236820
1421348080015
1421645398019
1421836420316
1421961164211
1421939429981
1421717519943
1421607712999
1421643611342
1421403046081
1421993108917
1421671986020
1421185893157
1421495124885
1421021010109
1421712830673
1421668620204
1421931974440
1421004568394
1421920014215
1421170532430
1421297268256
1421645830349
1421163711750
1421391808433
1421188747335
1421967321405
1421192474965
1421462195644
1421982957425
1421385485573
1421392715717
1421051185576
1421196874855
1421861755132
1421086607552
1421194353039
1421343685889
1421663992373
1421141999381
1421826422010
1421899660878
1421748111358
1421384165601
1421075796888
1421460289555
1421403902735
1421444977316
1421870304550
1421351151735
1421682802230
1421913942308
1421914917792
1421936131387
1421974470670
1421675305335
1421717310625
1421120781699
1421965728558
1421703376516
1421632321191
1421800824480
1421861257487
1421204297855
1421261382053
1421630643762
1421690034774
1421052318998
1421316281082
1421294054050
1421582607190
1421727508206
1421505152031
1421820019842
1421923580706
1421208345876
1421147589948
1421473605500
1421323151546
1421356438064
1421708570337
1421285069475
1421859756155
1421945451008
1421208440950
1421895154586
1421880700665
1421611266334
1421398302150
1421770813237
1421078313911
1421319092774
1421563739787
1421934571031
1421717320070
1421154282197
1421544218522
1421419188747
1421796806652
1421986946624
1421936427347
1421795067144
1421002925342
1421673498459
1421608278314
1421138981633
1421356074143
1421265887604
1421315801481
1421112798576
1421882957095
1421655355257
1421803838498
1421881980151
1421035572584
1421076591448
1421835889224
1421441930099
1421501252924
1421152817810
1421333849766
1421574026687
1421546152571
1421872494221
1421151523725
1421854490417
1421341050251
1421499456059
1421852575355
1421432066188
1421828569024
1421320679822
1421171750748
1421203739236
1421862359598
1421853520780
1421544461056
1421404348302
1421222278340
1421437437362
1421259111033
1421118415157
1421225497024
1421000485964
1421546203256
1421082503653
1421922182800
1421508428326
1421170268149
1421065409138
1421051594891
1421417312447
1421794059785
1421408854707
1421120495948
1421533802815
1421982969452
1421671165650
1421133745900
1421109777474
1421296868940
1421243433580
1421075577889
1421370331694
1421958891902
1421190890269
1421916463455
1421122710737
1421854589735
1421640726970
1421329237333
1421840266740
1421871132295
1421687264154
1421259394970
1421939884631
1421894977747
1421095700361
1421361595742
1421277911809
1421498145186
1421786891334
1421789330368
1421472669444
1421992944161
1421795401621
1421906913225
1421427913023
1421382793158
1421407468359
1421470385252
1421471406041
1421564695498
1421744976304
1421039277949
1421201836898
1421531020000
1421059555461
1421914028134
1421420136802
1421430206059
1421962879945
1421951703512
1421854134148
1421718071066
1421392070321
1421675358642
1421377073966
1421422642775
1421279695301
1421325319099
1421829228407
1421245934835
1421778071359
1421318069888
1421682085979
1421839534494
1421259422629
1421910534347
1421943337614
1421330035770
1421918908298
1421632666802
1421487706743
1421689331449
1421556060530
1421158236812
1421355852040
1421657435205
1421609085859
1421320562614
1421791964944
1421078743380
1421150866386
1421757666234
1421853919332
1421474478267
1421654996106
1421642793914
1421601898541
1421974312201
1421730583392
1421173475085
1421947673914
1421052273867
1421233185148
1421461837008
1421774857769
1421445225242
1421762652104
1421302506131
1421145466914
1421219663984
1421289161606
1421063448362
1421828265097
1421251819568
1421120481138
1421981889823
1421353211670
1421680433937
1421526645927
1421342278107
1421021484694
1421092136170
1421706531978
1421221444428
1421814259943
1421983063930
1421668334633
1421940382002
1421009090614
1421926414893
1421211768691
1421944735051
1421583183627
1421721731349
1421708190917
1421682187285
1421197457060
1421066650528
1421816827234
1421312048078
1421563347476
1421771864700
1421051382468
1421258873595
1421520181449
1421962370902
1421959779220
1421623168788
1421977582232
1421022213143
1421701237095
1421514976244
1421322138262
1421071312896
1421060471873
1421183294078
1421329919544
1421884965004
1421767776817
1421642949933
1421619306242
1421936312176
1421164027602
1421289507164
1421761622483
1421888929233
1421155062271
1421140733900
1421927381845
1421631061567
1421140929035
1421978162307
1421583091292
1421929676531
1421135070308
1421941626513
1421808685219
1421736908932
1421751512884
1421231166040
1421559939114
1421753023056
1421578657989
1421894986227
1421841411631
1421657418814
1421972304489
1421393830928
1421649783721
1421270879102
1421403530733
1421696182912
1421470092384
1421493970726
1421267089821
1421102054567
1421515029826
1421950731801
1421118864575
1421541120353
1421817161517
1421759614496
1421304360263
1421630282532
1421277409144
1421410841926
1421992036100
1421454559740
1421743859866
1421764098451
1421175547708
1421572308445
1421847954587
1421433404355
1421158053567
1421514286991
1421349349087
1421772004016
1421485146361
1421532050683
1421718273483
1421473439106
1421390534329
1421470284361
1421075229536
1421509439469
1421220793077
1421963157079
1421326844026
1421478519407
1421793518756
1421722467267
1421374914996
1421126568065
1421362010356
1421370327986
1421744249416
1421424877389
1421582047404
1421002420647
1421448180569
1421740036877
1421521496544
1421651577943
1421270734862
1421214405235
1421754448257
1421637717502
1421582677893
1421663188954
1421227756341
1421478816640
1421143398366
1421417152967
1421757904885
1421372790204
1421517324000
1421665676639
1421874527856
1421766637900
1421444307718
1421971119458
1421872470962
1421799738644
1421942777128
1421920673806
1421976745571
1421901867410
1421750069529
1421402037761
1421878376227
1421298476507
1421422002510
1421442315838
1421440140921
1421081465279
1421406799429
1421221415309
1421320189737
1421420263670
1421950796558
1421658520586
1421812374121
1421036067019
1421346344399
1421629198319
1421800114990
1421881900792
1421214152363
1421527041475
1421729477162
1421542844214
1421354337087
1421867975099
1421757775079
1421131656421
1421121190349
1421097114226
1421596118371
1421499288284
1421218985941
1421722374857
1421884727830
